'xx INDEX AucroltUM.

Prohu,1lun.l.1. 1. Adel Soranus 8111111111, And

1112 25. 11119111 2. 1014.

91111111 1. 151 8. 3. 11 1111111111 ii. 1. 47.

3. 25. Spartianus, Eun. 1. 8. 57.
Procopiua, 911111111181. Statius Papinius, Eun. 111.
Prudentiua, Eun. 113. 24. 5, 41.

91101111. 2. 18. Stephanus de 1115111811.
91181111, Ρ1ιοηιι.1.3.20. 1. 5. 17.
011111112151. iii. 2 20. Strabo, p. 308.
Quinctilienna, And p. 101. Suetonius, p. 11. And. ἱ. 3.

Eun 11220. 111 5. 53. 14. Phorm. iii. 2, 20.
Rufinus, Eun. v. 7. 4. Snldee. Phorm. 11. 4. 25.
Saltatha, ,4111111 38. 50. 811111161111,ρ. xiv.

51701 5. 19. 11. 1. 34. Sulpicius 8111111 Audi.

inueniuntur. 141.

91 4. 4. 35. 43. Eun. 1. Symmachus, 1111111. 121.

1. 29. 112 101 0. 21. 91111111 1. 14.

111111. 11. 0. 12 1. 4. Syriaeue, Phorm. ii. 057.

17. 211 5. 81 0. 17. Τ111111,1’11ο1111.1235.

Adel. 1. 1. 40. 40111. 4. Terentianus, p. 111.*

12 11. 5. 58. 1111. i.2. Τ11111111111, Adel. 1132

95. 111. 2 2. 1. 1. 32 Revertens, Eun. v. 3. 0.

91111111. 1. 141 218. Adelph. 11. 1. 21.

47. 48 911 3, 191 4. 7111οο1111191111.11.4.27.

15. 28. 111. 11521 4. Τ1111111Η11111. 1. 30.

2411. 2. 111. 0, 02ς 7, Theop in Aratum, 1111. 11.
811111111 1111111111 Theophrastus, Phor-m. iv.

5. 10. 111111. 11. 0. 1. 4. 20. 27.
3111111111. 77111111, vai. xx.
8111111111* Thucydides. Adelph 111
Scaevola emendatur. And 3. 02

11. 2 32 Terentius Libo, And. p. 5.
81111Ιί11111 Aristophania. Terentinum·

And. 11. 1. 58. l'hornr. 21111111111111111 141.

11. 1. 11. 11. pl. 111. 111111. 1. 1.

-01111111111114111 20.
11. 4. 30. 11. 4. 21.

— 111111111, Eun. 2111111, Adelph. 11. 7. 21.
1. 1. 22 Phormio. 4. 25.

— Lucani Ma. Tubero. 91111111157.
Ρ11ο111. 11. 4. 21. 11. 11 Vel. Maximus, 1111. 11. 2.
0511111111. 111 Donat. 15.1’1111111.11.4.21
Phorm. ii. 2. 1. Velga'na, p. xv.

-- 1111111111 Varro, p. 1111011111. Eun.
11. 7. 32 112 25. 111110111111111.

—- Pindari. Eun. 1. iii. 1. 55.11. 3. 7. 20112
8. 57. 07. 1. 8. 15. 29. Phorm.

CaelSeduliua, And. proll. i. l. 15.

8111111111. l. 50. Eun. vegetius. 1411111 1. 105.
111. 5. 43. Adelph 111 2. Victorinna, p. 111.*
8. 9111111111. 13.

Servluaemendeturpmili. 8. 15. 24. And 1. 1. 7. 9.
And p. 7. 10. 11. 17. 21. 00. 42 45.

1111. 2 15. Phor.

30. 391 0. 1. 5.
24. 471 1311
15. 16. 18. 11. j
42511 2 5. 7
3. 1. 3. 81 4.4
2. 10. 1. 224.
191 4. 0. 02 01
0. 7. Eu. pro. 4.
22. 20. 251 2.
35. 50. 91. ii.
11111113.
18. 21. 20. 25. 0
73. 91. 111. 1. 5.
2512. 1. 5. 20.
45.48.11.1. 8.
1410511. l
64; 5. 91 7. 2
39. 43. 1. 1. 2.
06. 691 41241
49. 51. Adel. 1
l. 2. ⁵. 11. lt
28. 07. 42. 471
0. 8. 10. iii. 2.
14. 10. 19. 213
111781411
1. 211 2 11. 31
52; 5. 04. 381
4. 1. 3. 3. 4.0
0. 3. 51 8. 6. 1
15.25.1.19ς
39. 50. 55. 05. t
1712151 Al
0. 0. 11301 0
22 23. 27. 29;
32 57. 11. 1. 2.
2. 8. 181 3. 41 1
0100421. 1.
l& 19. 21. 321
6. 1³; 3. lut
08. 91111111111
1111111111
15123.7.9.11
52 55. 91ς 07
20. 20. 28. 09. ii
ll. 14. 20. 22. 3¹
41. 40. 62. 781
1111111110
4070111121
11. 1. 241 3. 71
311121130.
8. 83.

Virgilius, And. prol. l. 3. 4. Ulpianua, And. 1

1111111. 7. 7. 1
2 75.

811111 11111111, p. 111111 40. 50. 50. 70. 75. 90. 111ρί11111, in Der

Phoron. 1. 8. 37.
Simoniden Phorm. 1. 8. 45.
Sidoniua Apollinar. And. 1.
81111171, pp. xv! 111.*
Socratae, P orm. ii. l. 22
Solinus, And. pag. 5.
Sopater, 91111111. 3. 57.
Sophoclea, And 1. 0. 11.

1011001011. lll. 115.

15. 19. 32. 35. 44. 46. 49.

0. 14. 1915. 5. 27. 111.
12151 25. 9. 20. 29.

Eun. 1. 3. 3.

ι11; 1. 11111111. vanamne
183 4. 1. 0. 71 5. 8. 10. Volcatius (11111111

1. 4. 20.

50. 54. 55. 57. 59. 11. 1. Xenophon, And. 1.
1. 11. 18. 19. 28. 301 2 ZenoVeronene. Eu
25;³. 151417101. Zenohiua, And1

And. 1. 2. lu i
Eun. iii. 5. 37.

 

